0 1 1 0.78125 1
10 1 11 8.59375 1
20 1 21 16.4062 1
30 1 31 24.2188 1
40 1 41 32.0312 1
50 1 51 39.8438 1
60 1 61 47.6562 1
70 1 71 55.4688 1
80 1 81 63.2812 1
90 1 91 71.0938 1
100 1 101 78.9062 1
110 1 111 86.7188 1
120 1 121 94.5312 1
130 1 132 100 1
140 1 142 100 1
150 1 152 100 1
160 1 162 100 1
170 1 172 100 1
180 1 182 100 1
190 1 192 100 1
200 1 202 100 1
210 1 212 100 1
220 1 222 100 1
230 1 232 100 1
240 1 242 100 1
250 1 252 100 1
260 1 263 100 1
270 1 273 100 1
280 1 283 100 1
290 1 293 100 1
300 1 303 100 1
310 1 313 100 1
320 1 323 100 1
330 1 333 100 1
340 1 343 100 1
350 1 353 100 1
360 1 363 100 1
370 1 373 100 1
380 1 383 100 1
390 3 1242 53.125 2
400 3 1252 55.0781 2
410 3 1262 57.8125 2
420 3 1272 60.1562 2
430 2 1282 62.1094 2
440 2 1292 64.0625 2
450 2 1302 66.4062 2
460 2 1312 69.1406 2
470 2 1322 71.0938 2
480 2 1332 72.6562 2
490 2 1342 75 2
500 2 1352 76.5625 2
510 2 1363 77.7344 2
520 2 1373 79.2969 2
530 2 1383 82.0312 2
540 2 1393 83.5938 2
550 2 1403 86.3281 2
560 2 1413 88.2812 2
570 2 1423 91.0156 2
580 2 1433 93.3594 2
590 2 1443 94.9219 2
600 2 1453 95.7031 2
610 2 1463 98.0469 2
620 2 1473 100 2
630 3 2432 70.3125 3
640 3 2442 71.875 3
650 3 2452 72.6562 3
660 3 2462 73.9583 3
670 3 2472 74.2188 3
680 3 2482 74.7396 3
690 3 2492 76.0417 3
700 3 2502 77.8646 3
710 4 3259 59.9609 4
720 4 3269 60.7422 4
730 4 3279 61.5234 4
740 4 3289 62.6953 4
750 4 3299 63.4766 4
760 4 3309 64.6484 4
770 4 3319 65.625 4
780 4 3329 66.2109 4
790 4 3339 67.1875 4
800 4 3349 68.1641 4
810 4 3359 68.9453 4
820 4 3369 69.5312 4
830 4 3379 70.3125 4
840 4 3389 71.0938 4
850 3 3399 72.4609 4
860 3 3409 73.4375 4
870 3 3419 74.6094 4
880 3 3429 75.3906 4
890 3 3439 75.9766 4
900 3 3449 77.3438 4
910 3 3459 78.125 4
920 3 3469 79.4922 4
930 3 3479 80.6641 4
940 3 3489 82.0312 4
950 3 3499 83.5938 4
960 3 3509 84.1797 4
970 3 3520 84.9609 4
980 3 3530 86.3281 4
990 3 3540 87.5 4
1000 3 3550 88.0859 4
1010 3 3560 88.6719 4
1020 3 3570 90.2344 4
1030 3 3580 91.4062 4
1040 3 3590 92.3828 4
1050 3 3600 92.9688 4
1060 3 3610 93.5547 4
1070 3 3620 93.9453 4
1080 3 3630 94.3359 4
1090 3 3640 94.9219 4
1100 3 3650 95.5078 4
1110 3 3660 96.0938 4
1120 3 3670 96.4844 4
1130 3 3680 97.0703 4
1140 3 3690 97.2656 4
1150 3 3700 97.8516 4
1160 3 3710 98.4375 4
1170 3 3720 99.2188 4
1180 3 3730 99.8047 4
1190 3 3740 100 4
1200 3 3750 100 4
1210 3 3760 100 4
1220 3 3770 100 4
1230 3 4630 80.3125 5
1240 3 4640 80.625 5
1250 3 4650 80.9375 5
1260 3 4660 81.25 5
1270 3 4670 81.5625 5
1280 3 4680 81.875 5
1290 3 4690 81.875 5
1300 3 4700 82.0312 5
1310 3 4710 82.3438 5
1320 3 4720 82.6562 5
1330 3 4730 82.8125 5
1340 3 4740 83.2812 5
1350 3 4750 83.2812 5
1360 3 4760 83.9062 5
1370 3 4770 84.6875 5
1380 3 4780 85.4688 5
1390 3 4790 86.25 5
1400 3 4800 86.7188 5
1410 3 4810 86.7188 5
1420 3 4820 87.0312 5
1430 3 4830 87.9688 5
1440 3 4840 88.5938 5
1450 3 4850 88.75 5
1460 3 4860 89.2188 5
1470 3 4870 89.5312 5
1480 3 4881 90.1562 5
1490 3 4891 90.7812 5
1500 4 7060 65.625 7
1510 4 7070 66.183 7
1520 4 7080 66.7411 7
1530 4 7090 67.4107 7
1540 4 7100 68.0804 7
1550 4 7110 68.6384 7
1560 4 7120 69.1964 7
1570 4 7130 69.9777 7
1580 4 7140 70.8705 7
1590 4 7150 71.0938 7
1600 4 7160 71.875 7
1610 4 7170 72.6562 7
1620 4 7180 73.2143 7
1630 4 7190 73.6607 7
1640 4 7200 73.9955 7
1650 4 7210 74.8884 7
1660 4 7220 75.2232 7
1670 4 7230 75.4464 7
1680 4 7240 76.1161 7
1690 4 7250 77.0089 7
1700 4 7260 77.4554 7
1710 4 8084 68.3594 8
1720 4 8094 68.9453 8
1730 4 8104 69.6289 8
1740 4 8114 70.1172 8
1750 4 8124 70.7031 8
1760 4 8134 71.2891 8
1770 4 8144 71.6797 8
1780 4 8154 72.5586 8
1790 4 8164 73.1445 8
1800 4 8174 73.5352 8
1810 4 8184 73.9258 8
1820 4 8194 74.707 8
1830 4 8204 75.0977 8
1840 4 8214 75.5859 8
1850 4 8224 76.0742 8
1860 4 8234 76.6602 8
1870 4 8244 77.1484 8
1880 4 8254 77.4414 8
1890 4 8264 77.7344 8
1900 4 8274 77.9297 8
1910 4 8284 78.125 8
1920 4 8294 78.418 8
1930 4 8304 79.1016 8
1940 4 8314 79.4922 8
1950 4 8324 80.1758 8
1960 4 8334 80.5664 8
1970 4 8344 80.8594 8
1980 4 8354 81.1523 8
1990 4 8364 81.8359 8
2000 4 8374 81.9336 8
2010 4 8384 82.3242 8
2020 4 8394 82.5195 8
2030 4 8404 82.8125 8
2040 4 8414 83.1055 8
2050 4 8424 83.6914 8
2060 4 8434 84.082 8
2070 4 8444 84.668 8
2080 4 8454 84.9609 8
2090 4 8464 85.2539 8
2100 4 8474 86.1328 8
2110 4 8485 86.5234 8
2120 4 8495 87.1094 8
2130 3 8505 87.5977 8
2140 3 8515 87.793 8
2150 3 8525 88.0859 8
2160 3 8536 88.3789 8
2170 3 8546 88.6719 8
2180 3 8556 89.1602 8
2190 3 8566 89.5508 8
2200 3 8576 90.0391 8
2210 3 8586 90.2344 8
2220 3 8596 90.4297 8
2230 3 8607 90.5273 8
2240 3 8617 90.8203 8
2250 3 8627 91.2109 8
2260 3 8637 91.6016 8
2270 3 8647 91.6016 8
2280 3 8657 91.8945 8
2290 3 8667 92.2852 8
2300 3 8677 92.6758 8
2310 3 8687 93.1641 8
2320 3 8697 93.5547 8
2330 3 8707 93.75 8
2340 3 8717 94.3359 8
2350 3 8727 94.6289 8
2360 3 8737 95.1172 8
2370 3 8747 95.6055 8
2380 3 8757 95.9961 8
2390 3 8767 96.2891 8
2400 3 8777 96.7773 8
2410 3 8787 96.9727 8
2420 3 8797 97.4609 8
2430 3 8807 98.0469 8
2440 3 8817 98.2422 8
2450 3 8828 98.4375 8
2460 3 8838 98.7305 8
2470 3 8848 99.0234 8
2480 3 8858 99.2188 8
2490 3 8868 99.4141 8
2500 3 8878 99.4141 8
2510 3 8888 99.5117 8
2520 3 8898 99.5117 8
2530 3 8908 99.8047 8
2540 3 8918 99.9023 8
2550 3 8928 99.9023 8
2560 3 8938 99.9023 8
2570 3 8948 99.9023 8
2580 3 9889 88.9757 9
2590 3 9899 88.9757 9
2600 3 9909 89.0625 9
2610 3 9919 89.0625 9
2620 3 9929 89.4965 9
2630 3 9939 89.5833 9
2640 3 9949 89.5833 9
2650 3 9960 89.5833 9
2660 3 9970 89.6701 9
2670 3 9980 89.6701 9
2680 3 9990 89.6701 9
2690 3 10000 89.6701 9
2700 3 10010 89.7569 9
2710 3 10020 89.9306 9
2720 3 10031 90.0174 9
2730 3 10041 90.0174 9
2740 3 10051 90.191 9
2750 3 10061 90.191 9
2760 3 10071 90.191 9
2770 3 10081 90.3646 9
2780 3 10091 90.4514 9
2790 3 10101 90.625 9
2800 3 10111 90.7986 9
2810 3 10121 90.8854 9
2820 3 10131 91.1458 9
2830 3 10141 91.2326 9
2840 3 10151 91.4931 9
2850 3 10161 91.6667 9
2860 3 10171 91.8403 9
2870 3 10181 91.9271 9
2880 3 10191 92.1007 9
2890 3 10201 92.1875 9
2900 3 10212 92.1875 9
2910 3 10222 92.1875 9
2920 3 10232 92.1875 9
2930 3 10242 92.3611 9
2940 3 10252 92.4479 9
2950 3 10262 92.4479 9
2960 3 10272 92.4479 9
2970 3 10282 92.6215 9
2980 3 10292 92.7083 9
2990 3 10302 92.7083 9
3000 3 10312 92.7083 9
3010 3 10322 92.7083 9
3020 3 10332 92.7951 9
3030 3 10342 92.7951 9
3040 3 10352 92.9688 9
3050 3 10362 93.0556 9
3060 3 10372 93.2292 9
3070 3 10382 93.316 9
3080 3 10392 93.4896 9
3090 3 10402 93.4896 9
3100 3 10412 93.6632 9
3110 3 10422 93.75 9
3120 3 10432 93.8368 9
3130 3 10443 94.0972 9
3140 3 10453 94.2708 9
3150 3 10463 94.4444 9
3160 3 10473 94.6181 9
3170 3 10483 94.7917 9
3180 3 10493 95.0521 9
3190 3 10504 95.1389 9
3200 3 10514 95.3993 9
3210 3 10524 95.3993 9
3220 3 10534 95.3993 9
3230 3 10544 95.4861 9
3240 3 10554 95.4861 9
3250 3 10564 95.4861 9
3260 3 10574 95.7465 9
3270 3 10584 95.9201 9
3280 3 10594 96.0069 9
3290 3 11714 86.5625 10
3300 3 11724 86.5625 10
3310 3 11734 86.7188 10
3320 3 11744 86.9531 10
3330 3 11754 87.1094 10
3340 3 11764 87.2656 10
3350 3 11774 87.4219 10
3360 3 11784 87.4219 10
3370 3 11794 87.5 10
3380 3 11804 87.7344 10
3390 3 11814 87.9688 10
3400 3 11824 88.2031 10
3410 3 11834 88.2812 10
3420 3 11844 88.2812 10
3430 3 11854 88.5156 10
3440 3 11864 88.6719 10
3450 3 11874 88.9844 10
3460 3 11884 89.2188 10
3470 3 11894 89.2188 10
3480 3 11904 89.4531 10
3490 3 11914 89.5312 10
3500 3 11924 89.7656 10
3510 3 12868 81.7472 11
3520 3 12878 81.8182 11
3530 3 12888 81.8892 11
3540 3 12898 82.0312 11
3550 3 12908 82.2443 11
3560 3 12918 82.3153 11
3570 3 12928 82.6705 11
3580 3 12938 82.7415 11
3590 3 12948 82.8835 11
3600 3 12958 83.0966 11
3610 3 12968 83.3097 11
3620 3 12978 83.3807 11
3630 3 12989 83.5227 11
3640 3 12999 83.6648 11
3650 3 13009 83.8068 11
3660 3 13019 83.8778 11
3670 3 13029 84.0199 11
3680 3 13039 84.1619 11
3690 3 13049 84.375 11
3700 3 13059 84.6591 11
3710 3 13069 84.8011 11
3720 3 13079 84.9432 11
3730 3 13089 85.1562 11
3740 3 13099 85.5114 11
3750 3 13109 85.6534 11
3760 3 13119 86.0085 11
3770 3 13129 86.2926 11
3780 3 13139 86.4347 11
3790 3 13149 86.4347 11
3800 3 13159 86.5057 11
3810 3 13169 86.6477 11
3820 3 13179 86.8608 11
3830 3 13189 87.1449 11
3840 3 13200 87.358 11
3850 3 13210 87.571 11
3860 3 13220 87.571 11
3870 3 13230 87.642 11
3880 3 13240 87.7841 11
3890 3 13250 88.0682 11
3900 3 13260 88.4233 11
3910 3 13270 88.4233 11
3920 3 13280 88.7074 11
3930 3 13290 88.7074 11
3940 3 13300 88.7074 11
3950 3 13310 88.9205 11
3960 3 13320 89.1335 11
3970 3 13330 89.4176 11
3980 3 13340 89.4886 11
3990 3 13350 89.7727 11
4000 3 13360 89.7727 11
